<?xml version="1.0"?>
<opencv_storage>
<intrinsic type_id="opencv-matrix">
  <rows>3</rows>
  <cols>3</cols>
  <dt>d</dt>
  <data>
    5.7118494043032933e+02 0. 3.3508273668843680e+02 0.
    5.7088666397919758e+02 1.3934065484211646e+02 0. 0. 1.</data></intrinsic>
<distortion type_id="opencv-matrix">
  <rows>1</rows>
  <cols>5</cols>
  <dt>d</dt>
  <data>
    -5.5115822718333751e-01 4.5800398582035973e-01
    8.9638557607726876e-03 -4.9172908910803442e-04
    -2.8385955190637446e-01</data></distortion>
</opencv_storage>
