<?xml version="1.0"?>
<opencv_storage>
<intrinsic type_id="opencv-matrix">
  <rows>3</rows>
  <cols>3</cols>
  <dt>d</dt>
  <data>
    1.7334829778917542e+03 0. 6.5203002427825447e+02 0.
    1.8100460448446011e+03 4.1868964703978730e+02 0. 0. 1.</data></intrinsic>
<distortion type_id="opencv-matrix">
  <rows>1</rows>
  <cols>5</cols>
  <dt>d</dt>
  <data>
    -2.4629794286414427e-02 1.3869992002721840e+00
    -1.2542735666905995e-02 3.5387161518895972e-03
    -8.9440269285034937e+00</data></distortion>
</opencv_storage>
